
(:SOLUTIONS (
(:GENOTYPE (-0.23351978 0.56327677 -0.5176359 -0.6002007) :FITNESS 10)  
(:GENOTYPE (-0.4927771 0.75043046 -0.26843446 -0.3492388) :FITNESS 8)  
(:GENOTYPE (-0.5049123 0.48492178 -0.54724246 -0.4587375) :FITNESS 9)  
(:GENOTYPE (-0.26379862 0.57572746 -0.55144477 -0.54300725) :FITNESS 9)  
(:GENOTYPE (-0.41443563 0.63197285 -0.44242647 -0.48281705) :FITNESS 9)  
(:GENOTYPE (-0.3231276 0.5707058 -0.5145641 -0.5523651) :FITNESS 11)  
(:GENOTYPE (-0.5041905 0.53336376 -0.3640362 -0.57340443) :FITNESS 9)  
(:GENOTYPE (-0.56840533 0.71441084 -0.21227123 -0.34853053) :FITNESS 9)  
(:GENOTYPE (-0.45034847 0.6888384 -0.4978321 -0.27358937) :FITNESS 9)  
(:GENOTYPE (-0.5781485 0.31609783 -0.4196651 -0.6242657) :FITNESS 9)  
(:GENOTYPE (-0.4734008 0.70754075 -0.2516931 -0.46035674) :FITNESS 8)  
(:GENOTYPE (-0.5444095 0.4521776 -0.54626334 -0.44805148) :FITNESS 8)  
(:GENOTYPE (-0.4702751 0.6990564 -0.33515796 -0.4216996) :FITNESS 9)  
(:GENOTYPE (-0.61801296 0.45495635 -0.5573532 -0.31691018) :FITNESS 9)  
(:GENOTYPE (-0.33301222 0.5521046 -0.3964215 -0.6535544) :FITNESS 8)  
(:GENOTYPE (-0.39082763 0.61463076 -0.5068908 -0.46102554) :FITNESS 9)  
(:GENOTYPE (-0.4763442 0.6666164 -0.3602457 -0.44602898) :FITNESS 8)  
(:GENOTYPE (-0.27681884 0.6583777 -0.47448117 -0.5145656) :FITNESS 11)  
(:GENOTYPE (-0.45995244 0.613761 -0.42135525 -0.48394307) :FITNESS 9)  
(:GENOTYPE (-0.3120288 0.63944644 -0.46879268 -0.5234307) :FITNESS 11)  
(:GENOTYPE (-0.22913234 0.599098 -0.44562745 -0.62449664) :FITNESS 10)  
(:GENOTYPE (-0.2488538 0.6857048 -0.5006144 -0.46611792) :FITNESS 11)  
(:GENOTYPE (-0.5041905 0.53336376 -0.3640362 -0.57340443) :FITNESS 9)  
(:GENOTYPE (-0.41728058 0.69572407 -0.42429125 -0.40227085) :FITNESS 9)  
(:GENOTYPE (-0.4001057 0.640555 -0.43245086 -0.49253514) :FITNESS 9)  
(:GENOTYPE (-0.4841585 0.66621274 -0.35844558 -0.43962255) :FITNESS 9)  
(:GENOTYPE (-0.34522516 0.7124812 -0.31602028 -0.5228013) :FITNESS 9)  
(:GENOTYPE (-0.63407946 0.4163865 -0.44927412 -0.4719304) :FITNESS 8)  
(:GENOTYPE (-0.51763654 0.522622 -0.2563348 -0.6270655) :FITNESS 12)  
(:GENOTYPE (-0.5274004 0.72556895 -0.27330035 -0.34742704) :FITNESS 8)  
(:GENOTYPE (-0.4224003 0.5474273 -0.5156004 -0.5060214) :FITNESS 9)  
(:GENOTYPE (-0.6921427 0.6870196 -0.15647686 -0.15638922) :FITNESS 8)  
(:GENOTYPE (-0.65640783 0.58439493 -0.36697817 -0.304858) :FITNESS 10)  
(:GENOTYPE (-0.35539472 0.7375713 -0.4336701 -0.37631553) :FITNESS 9)  
(:GENOTYPE (-0.4626081 0.4737717 -0.46099102 -0.5907804) :FITNESS 9)  
(:GENOTYPE (-0.7366228 0.42308637 -0.13590394 -0.5098184) :FITNESS 9)  
(:GENOTYPE (-0.40807682 0.42874017 -0.34806398 -0.72698456) :FITNESS 9)  
(:GENOTYPE (-0.5003631 0.22740822 -0.55970967 -0.6201994) :FITNESS 9)  
(:GENOTYPE (-0.51307577 0.59401876 -0.25150645 -0.5662503) :FITNESS 12)  
(:GENOTYPE (-0.25415242 0.65995586 -0.5522486 -0.44145927) :FITNESS 11)  
(:GENOTYPE (-0.25415242 0.65995586 -0.5522486 -0.44145927) :FITNESS 11)  
(:GENOTYPE (-0.33602914 0.5357479 -0.5286759 -0.5661805) :FITNESS 11)  
(:GENOTYPE (-0.30965143 0.60464865 -0.49953705 -0.5375674) :FITNESS 11)  
(:GENOTYPE (-0.68798906 0.3366994 -0.12799746 -0.6300168) :FITNESS 11)  
(:GENOTYPE (-0.30445334 0.4427057 -0.39411387 -0.7456501) :FITNESS 10)  
(:GENOTYPE (-0.23254272 0.5576937 -0.45446357 -0.6544956) :FITNESS 10)  
(:GENOTYPE (-0.1429359 0.7270551 -0.47598997 -0.47370234) :FITNESS 10)  
(:GENOTYPE (-0.23267515 0.6133035 -0.42219594 -0.625677) :FITNESS 10)  
(:GENOTYPE (-0.6304358 0.734686 -0.0578002 -0.24381611) :FITNESS 10)  
(:GENOTYPE (-0.5612978 0.69962883 -0.27690184 -0.34465885) :FITNESS 9) ) :FITNESS-HISTORY ((8 8 7 8 9 11 8 7 9 10 9 9 9 8 9 9 9 8 9 8 8 9 9 2 8 3 9 8 8 8 9 8 8 7 8 8 8 5 2 8 6 1 10 10 4 8 9 11 8 5) (8 8 9 8 9 11 8 9 9 9 9 9 8 9 9 6 11 8 8 9 8 9 11 9 9 9 9 8 12 8 8 8 10 6 10 9 6 6 11 11 10 10 10 9 9 9 9 9 9 9) (10 8 9 9 9 11 9 9 9 9 8 8 9 9 8 9 8 11 9 11 10 11 9 9 9 9 9 8 12 8 9 8 10 9 9 9 9 9 12 11 11 11 11 11 10 10 10 10 10 9))) 