
(:SOLUTIONS (
(:GENOTYPE (-0.5287609 0.47452527 -0.33602598 -0.6183237) :FITNESS 9)  
(:GENOTYPE (-0.38120756 0.6746643 -0.38059834 -0.50463223) :FITNESS 9)  
(:GENOTYPE (-0.373404 0.6707156 -0.46058756 -0.445611) :FITNESS 9)  
(:GENOTYPE (-0.29342303 0.63191783 -0.4873212 -0.5264036) :FITNESS 11)  
(:GENOTYPE (-0.5051653 0.5994819 -0.31000924 -0.5378882) :FITNESS 9)  
(:GENOTYPE (-0.36279824 0.7349811 -0.38786533 -0.42159304) :FITNESS 9)  
(:GENOTYPE (-0.5343959 0.45529684 -0.3426927 -0.6242496) :FITNESS 9)  
(:GENOTYPE (-0.357645 0.59377635 -0.5116823 -0.5076426) :FITNESS 9)  
(:GENOTYPE (-0.3789701 0.5853725 -0.35881826 -0.6204597) :FITNESS 9)  
(:GENOTYPE (-0.33211878 0.6213188 -0.52455914 -0.47801438) :FITNESS 9)  
(:GENOTYPE (-0.19913563 0.6955715 -0.51565087 -0.45894396) :FITNESS 9)  
(:GENOTYPE (-0.59540176 0.6395894 -0.31729782 -0.36843473) :FITNESS 9)  
(:GENOTYPE (-0.4966824 0.375115 -0.3866434 -0.68051606) :FITNESS 9)  
(:GENOTYPE (-0.4846019 0.5469592 -0.44296595 -0.5194013) :FITNESS 9)  
(:GENOTYPE (-0.30183637 0.7203429 -0.49543682 -0.38018838) :FITNESS 9)  
(:GENOTYPE (-0.39241496 0.64137167 -0.41109738 -0.51541424) :FITNESS 9)  
(:GENOTYPE (-0.6409359 0.33045474 -0.27723417 -0.63493466) :FITNESS 12)  
(:GENOTYPE (-0.3846718 0.65469486 -0.50481564 -0.41056472) :FITNESS 9)  
(:GENOTYPE (-0.42341086 0.7074541 -0.3935359 -0.40664658) :FITNESS 9)  
(:GENOTYPE (-0.29342303 0.63191783 -0.4873212 -0.5264036) :FITNESS 11)  
(:GENOTYPE (-0.28959885 0.6173749 -0.5351783 -0.49856287) :FITNESS 11)  
(:GENOTYPE (-0.29586747 0.67657596 -0.44507015 -0.50657666) :FITNESS 11)  
(:GENOTYPE (-0.5271051 0.5761923 -0.36610597 -0.50609183) :FITNESS 8)  
(:GENOTYPE (-0.45897752 0.45160735 -0.47575897 -0.5992027) :FITNESS 9)  
(:GENOTYPE (-0.3234283 0.6391475 -0.53111047 -0.45255527) :FITNESS 9)  
(:GENOTYPE (-0.22764678 0.6698333 -0.4906801 -0.5086583) :FITNESS 9)  
(:GENOTYPE (-0.37469572 0.52974564 -0.5089598 -0.5656259) :FITNESS 9)  
(:GENOTYPE (-0.46486714 0.5161436 -0.30257806 -0.6526415) :FITNESS 13)  
(:GENOTYPE (-0.29056585 0.666599 -0.371172 -0.57745004) :FITNESS 8)  
(:GENOTYPE (-0.39645702 0.60747343 -0.4153578 -0.54888594) :FITNESS 9)  
(:GENOTYPE (-0.31645986 0.58780795 -0.50716335 -0.54508746) :FITNESS 11)  
(:GENOTYPE (-0.3234283 0.6391475 -0.53111047 -0.45255527) :FITNESS 9)  
(:GENOTYPE (-0.37036404 0.6961299 -0.4092499 -0.45907322) :FITNESS 9)  
(:GENOTYPE (-0.4104029 0.65209943 -0.41025838 -0.48787683) :FITNESS 9)  
(:GENOTYPE (-0.36381876 0.6367362 -0.4563453 -0.50393635) :FITNESS 9)  
(:GENOTYPE (-0.24774657 0.37726977 -0.07667777 -0.8890498) :FITNESS 5)  
(:GENOTYPE (-0.3146002 0.8304383 0.28024942 -0.3644986) :FITNESS 8)  
(:GENOTYPE (-0.2374094 0.8178986 0.15110224 -0.50184345) :FITNESS 6)  
(:GENOTYPE (-0.51763654 0.522622 -0.2563348 -0.6270655) :FITNESS 12)  
(:GENOTYPE (-0.51307577 0.59401876 -0.25150645 -0.5662503) :FITNESS 12)  
(:GENOTYPE (-0.3231276 0.5707058 -0.5145641 -0.5523651) :FITNESS 11)  
(:GENOTYPE (-0.27681884 0.6583777 -0.47448117 -0.5145656) :FITNESS 11)  
(:GENOTYPE (-0.3120288 0.63944644 -0.46879268 -0.5234307) :FITNESS 11)  
(:GENOTYPE (-0.2488538 0.6857048 -0.5006144 -0.46611792) :FITNESS 11)  
(:GENOTYPE (-0.25415242 0.65995586 -0.5522486 -0.44145927) :FITNESS 11)  
(:GENOTYPE (-0.25415242 0.65995586 -0.5522486 -0.44145927) :FITNESS 11)  
(:GENOTYPE (-0.33602914 0.5357479 -0.5286759 -0.5661805) :FITNESS 11)  
(:GENOTYPE (-0.30965143 0.60464865 -0.49953705 -0.5375674) :FITNESS 11)  
(:GENOTYPE (-0.68798906 0.3366994 -0.12799746 -0.6300168) :FITNESS 11)  
(:GENOTYPE (-0.23351978 0.56327677 -0.5176359 -0.6002007) :FITNESS 10) ) :FITNESS-HISTORY ((8 8 7 8 9 11 8 7 9 10 9 9 9 8 9 9 9 8 9 8 8 9 9 2 8 3 9 8 8 8 9 8 8 7 8 8 8 5 2 8 6 1 10 10 4 8 9 11 8 5) (8 8 9 8 9 11 8 9 9 9 9 9 8 9 9 6 11 8 8 9 8 9 11 9 9 9 9 8 12 8 8 8 10 6 10 9 6 6 11 11 10 10 10 9 9 9 9 9 9 9) (10 8 9 9 9 11 9 9 9 9 8 8 9 9 8 9 8 11 9 11 10 11 9 9 9 9 9 8 12 8 9 8 10 9 9 9 9 9 12 11 11 11 11 11 10 10 10 10 10 9) (9 9 9 11 9 9 9 9 9 9 9 9 9 9 9 9 12 9 9 11 11 11 8 9 9 9 9 13 8 9 11 9 9 9 9 5 8 6 12 12 11 11 11 11 11 11 11 11 11 10))) 