
(:SOLUTIONS (
(:GENOTYPE (-0.68159074 0.18174915 -0.6718527 -0.2258657) :FITNESS 8)  
(:GENOTYPE (-0.44064856 0.5706733 -0.6929144 -0.005523269) :FITNESS 8)  
(:GENOTYPE (-0.31475598 0.6021214 -0.07217417 -0.7301845) :FITNESS 7)  
(:GENOTYPE (-0.5604611 0.34020448 -0.69669414 -0.29113847) :FITNESS 8)  
(:GENOTYPE (-0.31831858 0.71013385 -0.45902252 -0.4285809) :FITNESS 9)  
(:GENOTYPE (-0.30965143 0.60464865 -0.49953705 -0.5375674) :FITNESS 11)  
(:GENOTYPE (-0.3718132 0.4157849 -0.40937957 -0.72200155) :FITNESS 8)  
(:GENOTYPE (-0.42773575 0.6171302 -0.06608248 -0.65713435) :FITNESS 7)  
(:GENOTYPE (-0.5655538 0.7606033 -0.094294794 -0.30453223) :FITNESS 9)  
(:GENOTYPE (-0.1429359 0.7270551 -0.47598997 -0.47370234) :FITNESS 10)  
(:GENOTYPE (-0.41188502 0.2646475 -0.6703766 -0.557591) :FITNESS 9)  
(:GENOTYPE (-0.65578854 0.7145867 -0.05017376 -0.23830603) :FITNESS 9)  
(:GENOTYPE (-0.69535065 0.1995292 -0.6047187 -0.33315307) :FITNESS 9)  
(:GENOTYPE (-0.6605115 0.1274083 -0.7343526 -0.09065279) :FITNESS 8)  
(:GENOTYPE (-0.23150116 0.5063435 -0.60672903 -0.56736517) :FITNESS 9)  
(:GENOTYPE (-0.60407746 0.66099316 -0.19835527 -0.3985394) :FITNESS 9)  
(:GENOTYPE (-0.33945155 0.6823812 -0.41293374 -0.4986124) :FITNESS 9)  
(:GENOTYPE (-0.7107209 0.5298362 -0.4627059 -0.0072569493) :FITNESS 8)  
(:GENOTYPE (-0.45613334 0.61966676 -0.47823083 -0.42338008) :FITNESS 9)  
(:GENOTYPE (-0.16111335 0.61743224 -0.6747454 -0.37086198) :FITNESS 8)  
(:GENOTYPE (-0.6673387 0.10705809 -0.49408492 -0.54688007) :FITNESS 8)  
(:GENOTYPE (-0.2182407 0.7887677 -0.5728413 -0.045491785) :FITNESS 9)  
(:GENOTYPE (-0.43454742 0.5555708 -0.44116774 -0.55487) :FITNESS 9)  
(:GENOTYPE (-0.009376456 0.69268584 -0.31335095 -0.6495458) :FITNESS 2)  
(:GENOTYPE (-0.5273928 0.5709194 -0.6196597 -0.109223835) :FITNESS 8)  
(:GENOTYPE (-0.13927248 0.4662253 -0.408903 -0.77203333) :FITNESS 3)  
(:GENOTYPE (-0.30634058 0.47226387 -0.52838856 -0.63555324) :FITNESS 9)  
(:GENOTYPE (-0.46804515 0.6710849 -0.34930888 -0.45668605) :FITNESS 8)  
(:GENOTYPE (-0.6308934 0.6018803 -0.48885056 -0.02717826) :FITNESS 8)  
(:GENOTYPE (-0.5953421 0.30128533 -0.48538956 -0.5649707) :FITNESS 8)  
(:GENOTYPE (-0.29974785 0.53130734 -0.3828265 -0.6937634) :FITNESS 9)  
(:GENOTYPE (-0.15606797 0.37508842 -0.63652426 -0.6555825) :FITNESS 8)  
(:GENOTYPE (-0.6179166 0.11877483 -0.5813137 -0.51589346) :FITNESS 8)  
(:GENOTYPE (-0.31586105 0.35008857 -0.18420109 -0.86240345) :FITNESS 7)  
(:GENOTYPE (-0.7304526 0.34182772 -0.50046736 -0.31484136) :FITNESS 8)  
(:GENOTYPE (-0.47906882 0.7307479 -0.47260335 -0.11465869) :FITNESS 8)  
(:GENOTYPE (-0.8651407 0.4731504 -0.15422758 -0.06224307) :FITNESS 8)  
(:GENOTYPE (-0.13930754 0.7423354 -0.099080175 -0.64785385) :FITNESS 5)  
(:GENOTYPE (-0.06650001 0.2004312 -0.60279554 -0.76944304) :FITNESS 2)  
(:GENOTYPE (-0.65040064 0.69679034 -0.19467509 -0.2314386) :FITNESS 8)  
(:GENOTYPE (-0.09444615 0.5419295 -0.6441412 -0.53148323) :FITNESS 6)  
(:GENOTYPE (-0.021163119 0.40355027 -0.5994409 -0.6909196) :FITNESS 1)  
(:GENOTYPE (-0.23267515 0.6133035 -0.42219594 -0.625677) :FITNESS 10)  
(:GENOTYPE (-0.6304358 0.734686 -0.0578002 -0.24381611) :FITNESS 10)  
(:GENOTYPE (-0.31595176 0.22801945 -0.1945163 -0.90019166) :FITNESS 4)  
(:GENOTYPE (-0.5744878 0.7432449 -0.33660161 -0.06519283) :FITNESS 8)  
(:GENOTYPE (-0.3059036 0.34937066 -0.40118736 -0.7895644) :FITNESS 9)  
(:GENOTYPE (-0.68798906 0.3366994 -0.12799746 -0.6300168) :FITNESS 11)  
(:GENOTYPE (-0.48090854 0.011548151 -0.8681112 -0.122378804) :FITNESS 8)  
(:GENOTYPE (-0.26007903 0.0054446664 -0.556105 -0.7893519) :FITNESS 5) ) :FITNESS-HISTORY ((8 8 7 8 9 11 8 7 9 10 9 9 9 8 9 9 9 8 9 8 8 9 9 2 8 3 9 8 8 8 9 8 8 7 8 8 8 5 2 8 6 1 10 10 4 8 9 11 8 5))) 